Ε116646166866.161

Η6664616666 mit 62¹]2 sol. 86116664. 1181361146, 3664 66661144,
31111. 572, 653, 3666666646, 11166 61668 46 361. 14,.6 Uber
die 1161166466,,1414166“1“-166 „villas 6616 4111166“ 481. 3666666116. 6.,Ο
61161616Β6666466 78 661. (Sal. 42, 5,) BR.. Forschungen 4864.

6661 XXV iuratores 1666166 6166466 exsolvat. 116611 116114,
AR. 1701. 164 361. 42,5 6116666 416 361.14,2,,3,, 16,Π, 362
66646161 166644, 44611 6116 61666 3461166 666 614661166116 Β646166114461 661
116666161611611361. 53) 666 6616616646661116611466 Η6116611614 46 6166866 ⁴
6661166. 481666 11611616 16 666 11116646166866 46 361. 53 Uber
electus 48111166461668 46 361 14, 22.

XLIII De 1161616161οὲ 16 66641416 facto.

convivi0: Ζ6611861686. Die 161146 6611. 16161116 664416 Text 5,
9 666161. A. 11666616 661 116616611114, 4161143 6666616661 66611 16 ψ
g 1 ,,666461161616“. Das 164 sehon 446866 661 161666666664 661116-
416166666 161146 6161161 616 1161661166 411 116416611466.

66661 6664164616 6616 debent. 1161611 34611668 666164666168616
116116166 61611 616 61111866 16116616661 666 (1616866 611116 46146166 466
6186661 11614668.

4641 morte 1116 6661664664, Κ666666661461166616Ζ661186666666
ihren schuldigen Κ616666 1116114 64611611, 66 1161466 616 8666166616 1111
61611164. 116611 44116 11161,116 6168666644 46 361. 42, 3, 43, 3 616· U(
66611614,6666 nur einer den 1646611168 46866866 1164. 1161161 46116114
66611618616 661 6161661, 616 166686666666 6611166666 zusammen, um es
aufzubringen. 481. Alam. 44, Fris. 14‚lff.; BR. H. 565,; 5665.

ubi quiuque 1661164 -· usque 66 septem. 1116Μ666861166 466
361. 43,1 6166 661 61616116 1666116614, wo 616646641611646 6646111466
Ζ661186666666 66 6661 (161686 461186666666 hat. Der (11666 61661
6116166 1116646164 61166 66146166 616166411611, 1161 6461866661 Μ6686 466
Μ1414166616 661 11164 44116 616 16161166668 6616611166, 666 4411111611
3666161866 46 461666461866, 61611 1161661 14661861 66166161166166666,
661 Κ16861 6166 616666 164446166 6666611661666116666 666 661Β664161668
4611111166 166666 361. 43, 2. 114466 6446166666 1661666614 2851.
3666166861 66116164 66 6111 1111· 616 664616 (116646 6166 461666186666
1111161668 46 finden, 461661 61666116 16 666 Η66. 4441661166 44461 666
1661 66641466 6611466114, 4466116111Β661646116 664616 6481664668 6614161
116444. 11161 (6611. 5664) 616114 8664 11611614 6616 6111146. 11611161, 1161
41461 Ζ661186666666, 46666666 661 6166 666 6666166 6166111684 (Κ66. 3,
Β-Η = 9) 164 6461116664 6611611 6666161 346116 861· 616114 486.861166

16116 6-666 666646461616- Interiectus. Bandentotsehlag -
ohne Konkurrenz 661Η616166611668. 11616 8611614 6166 641668 866661-
1666 16 666 11461 42.

16 agro. Uber 46116, 6861, 6616666, 161161, 1666616616 6666111616
161 11611664 466 1666 481. Β661161161611, 111. I. 23111, 1661666111, WL.
I. 1323 1423 11116646166866 46 361, 2, 2,, 9,1, 27‚V11.

6681116466 mortem — 6661664661 - 661. XXX solvant —
sol. XV culp. iud. 481. 611664666866 46 361. 42, 3.

XLIV. De 161666..

161666, 1641616, 6116. 1611, got. 16166, 686, 166, 66. 1616 = funis,
61166166, 16666464 161 61186661666, 664661666666 6616 6116. pauo, 66.
116686 14168, 141688616. 481. (1116111, 14642411, 1161611111, M6llenh.

 

