1011616666666. 163

661. 000 culp. 161. 11660 166 Wergeld des 6116166060 1116166-
666166 161 166 166116606 661666 060661. 061. 061. 41, 6.

Romano possessorem: der 6601000606 61616606 0666106611066.
061. 061. 41, 6,. Derselbe 161 bei den 060666 0111660611060 6661606166
616 10 166 0061666 066666666616066, wo 166 010666611666666666166
0616161 06616. 061. Β6. 1. 64 0.; 0666.1000.; Ders, Franken 6106
R. 233 44; Dens, 01)0. 19,139 0.

661. 0 6616. iud. Der 111666, 0616066 61601 16 016166116661
61601, 061 610 07666611 060 100 sol. vgl. 066.061.111.1; Rib. 36, 3.
Η16616 061 666 160066 006661061166601 6166 666010606 0661606610666
166 1116666 010166 160 06661166 6666066, 0666 116 Β66116666666 060 ’
061. 14, 2; 3; 32, II; 39, 3, welche 6661060 (116661066 1166016066161666660
6666611166 166 111666 611 6661666666 016616 616 6666611066 166 06661166
06166166, 0661660060 6666166. 11660 06610666 016111. 227 6660 66
166 066666060166 0616666 1661, 061616 606611. 614, 6616666060 und
1166660061, 1666 116 06101 111666 0661606616 06661006 116 Ι01066666
6666161606. Abgesehen 16066, 1666 66 66061166 6116616, 0606 Raab,
066106116066660666 661 066066601666 166 1116666 611166, 1616601616
6066 606066 strong 016 0616 06601160 66606161 worden 0166, 611661
166 0660061166οθ 11166661, 66 0661660601 66 66016061016161, 1660 61601
ganz. Denn es 16661 (06 066161600611 06616066, 1666 116 1166016661-
6666 6160 durch (160 161660166 (1661116666 066 halb 66 6611066 06616161
fehlt 016 durch denjenigen des Franken und daher 6061611 662)8 sol.
01666 331)3 sol. Friedsnsgeld 06616661. 0666660166666 061 6160 166
Β.’66066 0666666161166 0666. 102133 HZ. 76165.

Romanum tributarium: 166 61616606 Kolone, 06161166 60 116
0606116 66060160 -und 6616601 0660106666 616660160116161. 061. BR. I.
240f.; 01116, Κ66. VII. 1,253 ff. 1166 77666611 desselben 66006601
10 ’160 Η66. 6666666 016116 60166066 45, 63 (61600666 62112) 601 70 661,
116 0061660 1766166160 0666066 6066066116 661 Τ611106616611016. 0660
066. 061. IV. 1 061 166 11666666 16106166166 aber 606616116 100 661.
07666611.

0661666 - 6166 manus 61 6166 66166 quem 16116161 661 de·
misserunt. Die 016116 0606161 116 116 Ζ611 1661. Sal. 166 Β6616060
166 06016666016, 1. h. der 0610610106 166 0661616166 6166 661666 01666
666 0066116 166 116606. Aus 1601 06166060 16606016 061 6160 166
6666616 06110606 0166166601 166 06666666 6610160611, (166 0666666166
166 0606666016 1166601661 116 1166 166 00166616 166 06016. 061. Β6.
I. 156 0; 0666. 730. Daher 06016 6666600611οο 6616061611 60116-
660660111, 116 061016061606 6601 661 16666 6111611666 1110666666 166
0601666016, 661 166 Wege 66106166 166 1166616666 166 Busssystems
16660 1060111606 0166166 6166 166 6016666166 1166016660616 60 166 Ver·
1616160 666 0116601666 166 0006606616666. 061. 01661066 Β6160. 2, 8;
060. 18;19; 0616. 2; Thur. 31. - Alam. 44; Sex. 27; 0616. 1111.
666. 1; 06061. (16 66661. 06660. v. 866 6.7 (Β6.-Κ6. H. 96) —- 0611.
38; 0661161. 16 6661. 0611. 6. 31 (Bo. I. 7Ο); 066. 061660. 6. 3 (611.
I. 72) —- 061158,1,;Ι; 0611. 19 - 066. 066161. v. 779 6. 22 (Bo.
Ι.5 51); 066. 61660 ’(18.026 32 (601. 97), 066Το661 080565

(611. 123), 066166. 611. 818196. 13 (6012846 0666166. Worm.
0. 8296. 7(Β6. -.Κ6 Π. 15)· 066. Worm. pro leg. hab. v. 829 6. 8

11*

 

J

